24 11 8 
3 19 2 
26 15 12 
7 18 3 
12 8 11 
13 31 14 
0 24 8 
2 25 3 
2 12 11 
7 25 26 
6 26 12 
4 27 5 
4 8 15 
1 27 24 
18 20 19 
22 16 23 
4 16 0 
6 21 7 
2 20 6 
0 17 1 
1 22 5 
5 23 4 
10 24 9 
13 25 10 
14 26 13 
9 27 14 
31 32 28 
9 29 10 
14 28 9 
10 30 13 
33 35 34 
29 34 30 
30 35 31 
28 33 29 
24 25 11 
3 18 19 
26 27 15 
7 21 18 
12 15 8 
13 30 31 
0 1 24 
2 11 25 
2 6 12 
7 3 25 
6 7 26 
4 15 27 
4 0 8 
1 5 27 
18 21 20 
22 17 16 
4 23 16 
6 20 21 
2 19 20 
0 16 17 
1 17 22 
5 22 23 
10 25 24 
13 26 25 
14 27 26 
9 24 27 
31 35 32 
9 28 29 
14 31 28 
10 29 30 
33 32 35 
29 33 34 
30 34 35 
28 32 33 
