-19.14 0.67 9.43 
-19.14 0.88 9.43 
-19.14 0.67 8.98 
-19.14 0.88 8.98 
-18.93 0.67 9.43 
-18.93 0.88 9.43 
-18.93 0.67 8.98 
-18.93 0.88 8.98 
-19.26 0.00 9.43 
-19.15 1.00 9.32 
-19.15 1.00 9.09 
-19.26 0.00 8.98 
-18.81 0.00 8.98 
-18.92 1.00 9.09 
-18.92 1.00 9.32 
-18.81 0.00 9.43 
-19.14 0.67 9.74 
-19.14 0.88 9.74 
-19.14 0.88 8.67 
-19.14 0.67 8.67 
-18.93 0.67 8.67 
-18.93 0.88 8.67 
-18.93 0.88 9.74 
-18.93 0.67 9.74 
-19.26 1.00 9.43 
-19.26 1.00 8.98 
-18.81 1.00 8.98 
-18.81 1.00 9.43 
-19.27 1.09 9.44 
-19.27 1.09 8.97 
-18.80 1.09 8.97 
-18.80 1.09 9.44 
-19.27 1.51 9.44 
-19.27 1.51 8.97 
-18.80 1.51 8.97 
-18.80 1.51 9.44 
